Body Rigid_EulerParameter_PAI
	mass = 0.001
	COG = 1.0,2.0,3.0
	position = 0.0,0.0,0.0
	geometry = C:\Users\126al\Desktop\VIS3UE\VIS_2024\inputfilereader\quader.obj
	transparency = 50.0
	x_axis = 1.0,0.0,0.0
	y_axis = 0.0,1.0,0.0
	z_axis = 0.0,0.0,1.0
	color = 0.7843137254901961,0.0,0.7843137254901961
EndBody
%
Body Rigid_EulerParameter_PAI
	mass = 0.001
	COG = 0.0,0.0,0.0
	position = 25.0,0.0,10.0
	geometry = C:\Users\126al\Desktop\VIS3UE\VIS_2024\inputfilereader\quader.obj
	transparency = 50.0
	x_axis = 1.0,0.0,0.0
	y_axis = 0.0,1.0,0.0
	z_axis = 0.0,0.0,1.0
	color = 0.7843137254901961,0.7843137254901961,0.0392156862745098
EndBody
%
Constraint Constraint_EulerParameter_PAI
	body1 =  new_body_0
	body2 =  GROUND
	position = 0.0,0.0,0.0
	x_axis = 1.0,0.0,0.0
	y_axis = 0.0,1.0,0.0
	z_axis = 0.0,0.0,1.0
	dx = 1
	dy = 1
	dz = 1
	ax = 1
	ay = 1
	az = 1
EndConstraint
%
Constraint Constraint_EulerParameter_PAI
	body1 =  new_body_0
	body2 =  new_body_1
	position = 25.0,0.0,0.0
	x_axis = 1.0,0.0,0.0
	y_axis = 0.0,1.0,0.0
	z_axis = 0.0,0.0,1.0
	dx = 1
	dy = 1
	dz = 1
	ax = 1
	ay = 1
	az = 0
EndConstraint
%
Settings Visualization
	gravity_vector = 0.0,0.0,-9810.0
	background_color = 0.0,0.0,0.0
EndSettings
%
